180
293
430
191
904
464
381
765
774
265
548
555
415
943
181
798
641
972
963
706
548
385
688
474
615
643
800
425
345
518
861
730
669
722
117
710
676
987
73
596
121
861
959
77
338
222
898
48
859
958
280
651
7
478
237
724
33
741
799
199
695
497
993
41
329
292
35
100
665
132
386
635
699
127
60
417
838
278
591
301
820
618
98
913
447
149
708
691
716
651
627
155
92
96
360
750
945
915
874
723
982
219
88
468
410
689
475
967
862
703
138
573
436
943
328
642
67
687
51
247
545
227
214
397
648
332
410
243
788
199
537
289
683
577
547
717
110
562
972
774
992
399
21
384
108
621
865
648
708
227
820
232
423
719
703
380
418
995
655
638
923
145
911
399
161
381
195
976
448
227
839
240
220
816
550
222
28
269
287
553
617
985
93
989
743
70
991
218
99
959
207
792
901
217
798
237
752
352
600
571
632
858
276
883
947
250
871
310
179
430
153
870
219
954
88
600
456
384
652
69
794
872
11
601
835
37
981
643
431
520
90
102
589
25
235
808
981
235
727
681
266
344
7
230
274
669
84
879
539
230
711
285
712
229
73
393
629
695
996
808
815
695
898
603
40
992
348
543
233
157
694
263
88
875
305
155
253
978
729
147
455
567
944
268
5
534
538
767
138
902
523
278
928
533
318
680
496
950
0
199
792
175
412
24
166
888
487
979
733
577
199
228
229
820
40
841
232
603
79
828
546
603
994
715
665
697
943
607
726
787
485
242
153
298
120
972
44
870
977
695
465
635
573
913
373
571
669
411
289
869
502
648
63
132
521
672
866
931
38
694
521
783
316
790
685
309
660
10
825
542
112
647
842
703
461
500
726
334
488
275
18
467
913
35
150
291
737
821
244
291
857
989
698
683
526
316
700
536
704
852
101
246
978
67
127
342
71
19
81
317
834
313
432
685
782
69
298
272
416
417
151
377
562
510
864
158
289
412
613
619
986
176
257
560
112
770
529
423
745
239
325
886
258
829
118
284
647
565
17
730
87
606
346
334
608
776
117
40
767
253
480
279
611
167
701
452
267
462
895
898
820
200
67
107
527
174
369
639
643
309
611
481
727
418
998
386
50
810
342
858
335
673
70
11
979
745
96
817
873
733
178
495
72
910
475
204
627
358
892
902
969
587
873
269
990
702
146
299
546
141
453
298
585
854
719
624
858
565
899
15
883
992
274
487
270
112
204
863
221
507
957
769
195
192
155
767
822
962
7
387
583
729
922
515
788
869
474
236
849
556
822
566
394
534
950
761
852
56
934
166
493
870
84
785
184
420
64
109
309
54
204
505
945
110
404
50
738
374
24
745
614
79
136
150
253
313
919
677
251
492
442
120
538
47
131
269
936
998
465
826
525
721
466
358
320
483
652
145
370
913
393
663
187
300
833
680
523
95
228
980
340
141
920
966
438
989
359
318
747
464
549
371
989
293
697
425
156
858
442
967
604
381
852
740
662
355
466
924
950
770
102
885
981
226
655
335
720
74
442
643
513
320
461
898
205
984
208
730
805
673
37
381
112
563
473
578
737
582
843
648
261
648
172
760
176
477
424
19
360
724
460
964
962
807
672
254
356
131
952
377
915
409
725
410
710
596
809
784
171
891
331
14
400
322
479
678
756
588
330
506
87
788
597
81
423
901
143
680
148
189
752
15
967
513
355
6
734
502
748
583
323
860
19
877
991
343
167
862
153
761
662
517
307
930
748
571
286
849
394
111
660
200
609
603
807
939
263
817
201
121
121
206
155
103
786
254
410
545
323
240
326
930
572
859
877
237
913
857
544
101
200
179
260
858
930
877
116
373
576
420
573
719
401
965
690
205
73
88
713
182
139
124
141
535
163
340
173
615
269
139
22
143
594
908
228
213
996
422
871
473
447
782
299
910
163
717
784
253
39
555
172
631
521
371
989
522
867
161
716
622
96
162
374
432
631
555
61
431
495
829
414
701
52
103
812
895
928
860
661
73
405
687
275
84
938
76
166
34
605
217
776
403
617
981
858
392
696
999
5
32
522
306
923
186
54
744
686
298
623
109
609
991
379
981
726
389
345
488
728
486
321
332
75
990
697
500
560
719
124
353
453
194
581
534
172
95
445
992
19
559
49
253
980
304
496
396
446
281
28
326
868
799
518
259
779
767
839
864
634
612
812
351
85
907
281
576
235
334
706
295
586
774
646
94
262
580
13
748
33
314
451
158
608
93
189
677
42
773
420
64
831
241
680
963
726
53
406
504
551
309
109
566
146
622
261
47
240
355
745
854
73
926
487
96
37
759
582
962
231
866
527
868
502
508
671
317
950
166
915
703
392
861
181
876
909
905
919
0
296
436
997
153
364
678
112
333
843
695
40
883
626
788
585
125
833
590
985
699
783
831
105
636
861
406
475
993
530
77
747
994
647
65
864
317
924
17
13
532
547
763
859
439
26
172
962
994
303
631
847
95
696
55
984
543
664
792
102
77
417
179
50
772
110
56
3
643
679
977
983
277
499
332
896
254
913
234
897
875
296
510
41
185
376
664
431
208
32
138
895
521
122
370
771
230
563
890
22
658
847
708
221
625
421
506
495
648
982
77
38
552
492
149
71
807
497
672
430
264
637
302
245
108
717
164
31
737
256
855
856
282
787
252
568
711
559
125
95
174
377
159
907
586
635
130
767
731
178
376
214
886
375
106
569
319
722
495
286
508
963
670
930
132
611
767
39
983
299
533
553
239
994
54
733
312
605
846
684
652
987
264
815
259
47
647
771
793
105
348
703
71
366
329
227
983
111
230
523
666
320
809
356
716
642
227
319
915
579
425
932
963
707
872
208
414
283
757
546
866
50
131
554
731
440
94
988
843
830
808
84
831
205
538
713
172
879
494
943
121
331
426
647
983
340
928
546
695
780
3
151
570
957
68
289
103
993
662
708
344
458
487
889
94
532
272
88
567
178
23
453
436
6
755
222
192
869
207
549
222
67
459
561
330
674
39
993
883
201
1
444
583
739
369
50
80
780
603
736
557
531
637
410
444
509
442
73
766
191
142
415
196
806
931
313
33
266
43
397
543
304
351
971
47
23
447
785
27
493
787
473
495
843
745
14
271
414
864
639
810
184
285
219
824
422
196
430
727
779
897
403
868
374
615
394
689
719
65
19
186
47
655
836
892
0
108
800
127
827
61
153
355
713
772
903
930
476
302
497
389
943
841
251
953
315
42
73
387
611
455
251
650
418
472
153
956
108
907
785
996
450
881
103
362
322
395
820
115
127
32
354
690
700
699
430
439
399
9
623
183
3
432
455
293
646
775
775
288
717
913
856
172
589
835
999
717
772
297
265
522
62
676
864
230
980
951
460
277
962
2
453
581
880
470
175
298
140
833
847
719
829
245
6
497
611
13
380
238
37
975
871
375
107
488
915
2
158
124
108
731
404
405
994
707
976
855
436
393
370
657
1
473
195
910
938
658
251
701
572
205
311
581
445
674
917
461
421
229
289
707
247
841
493
644
167
155
173
532
598
619
873
990
660
471
246
37
229
352
775
924
392
752
232
83
204
500
444
627
315
295
183
701
620
496
830
109
987
213
869
333
196
95
321
847
40
559
632
106
95
586
350
441
215
17
426
337
3
476
8
450
560
745
95
63
684
359
845
465
423
327
914
137
407
181
683
213
846
516
216
717
391
680
440
54
906
528
963
854
107
771
761
433
369
817
497
572
998
638
36
344
3
875
835
250
46
390
293
576
574
275
310
126
918
35
109
761
888
507
597
196
884
632
455
282
521
450
309
891
299
622
33
882
510
161
143
94
106
937
785
392
743
6
210
868
579
57
253
300
842
108
599
345
645
83
906
507
46
737
435
35
658
142
766
951
288
183
568
142
218
886
926
388
898
500
892
440
687
4
832
445
703
410
153
870
111
228
762
285
233
472
691
141
397
574
994
158
635
335
53
826
119
150
779
262
838
14
84
154
961
140
943
637
968
654
427
226
337
716
271
64
929
70
181
465
633
143
76
384
940
8
990
393
25
112
242
212
924
962
427
210
762
344
208
659
621
311
805
223
860
738
281
563
702
715
386
151
968
80
974
942
854
683
219
445
719
772
578
943
4
458
311
160
625
968
388
193
205
709
351
787
319
567
937
472
682
448
304
158
106
929
479
717
743
838
564
4
697
907
883
895
949
6
577
907
192
516
308
725
984
176
649
736
227
249
749
213
786
540
616
872
622
546
679
264
839
116
297
143
793
371
549
475
959
108
514
781
276
965
854
944
320
665
659
468
39
146
295
947
425
888
755
27
573
100
798
406
559
314
675
358
548
31
872
365
420
895
392
924
567
138
52
810
523
359
629
271
853
698
517
106
797
386
63
176
583
70
356
238
415
698
864
497
613
364
140
211
809
188
165
369
465
403
988
19
465
67
487
787
634
119
425
90
358
788
870
63
987
945
9
57
638
691
553
991
810
92
81
934
865
972
535
499
169
673
48
234
43
59
610
310
296
707
858
34
589
846
950
15
457
828
941
663
253
645
110
930
835
550
183
422
809
696
120
820
128
707
751
392
944
305
356
186
855
533
487
347
530
166
833
714
611
831
705
360
843
841
584
520
793
850
303
67
196
736
287
490
126
505
448
398
809
397
303
949
502
214
586
173
940
358
958
494
702
146
451
187
945
254
309
554
964
881
127
996
64
90
851
487
122
915
789
426
374
925
937
952
70
981
26
624
908
421
981
740
629
510
628
154
190
20
767
480
499
146
176
307
477
528
78
672
948
330
325
620
630
339
36
434
263
74
743
548
9
516
309
796
693
970
53
307
163
972
421
561
423
157
571
902
292
673
215
264
613
685
136
630
826
87
751
989
496
46
737
833
76
34
496
54
73
886
604
663
544
101
950
487
471
507
726
118
621
846
958
134
765
765
134
70
1
471
521
95
521
991
144
334
269
527
149
793
887
395
763
206
964
95
252
760
484
795
195
794
599
830
451
737
923
825
367
598
684
565
700
353
267
87
164
876
235
939
484
415
359
944
609
191
151
571
902
309
941
5
592
44
155
801
822
651
320
273
179
68
731
528
623
715
70
54
61
555
646
447
238
438
122
829
517
612
787
71
228
878
267
130
599
946
240
631
647
338
755
757
283
840
484
521
306
717
137
155
467
435
967
386
361
503
752
355
1
963
645
838
238
98
990
937
31
550
295
121
487
846
509
238
917
12
82
327
517
87
85
966
79
619
150
21
718
834
160
136
100
941
456
733
924
955
813
810
232
942
320
766
812
113
430
987
226
950
147
730
472
136
706
375
191
645
706
774
693
310
203
103
990
50
506
622
958
855
80
142
450
946
802
686
847
194
77
356
651
224
864
370
835
993
126
583
701
319
404
535
351
933
840
725
911
225
875
992
996
487
777
403
693
588
558
2
265
264
882
474
462
440
672
120
718
746
956
797
799
954
35
352
970
285
976
556
935
676
900
563
910
963
293
612
105
162
355
225
952
84
687
12
301
639
804
475
753
531
370
841
47
830
184
967
280
839
619
691
734
345
405
680
20
747
431
94
662
470
57
28
14
838
433
722
638
900
979
700
717
372
25
316
67
731
923
286
991
419
488
3
44
681
541
918
95
190
93
723
404
46
18
81
1
758
315
901
475
41
246
145
136
412
144
365
85
408
883
141
497
504
871
978
969
332
948
478
421
230
895
682
739
627
844
146
147
267
554
156
483
844
605
396
219
916
128
444
924
422
185
826
708
392
769
578
677
754
60
790
664
689
558
467
371
756
935
750
739
607
89
639
94
598
151
197
927
268
88
89
703
998
508
263
914
265
822
147
169
835
563
448
6
744
978
119
373
179
484
278
672
136
30
583
875
863
700
218
898
436
169
845
912
397
20
603
922
964
773
268
43
734
705
972
81
459
922
221
879
142
170
345
596
103
57
458
228
399
630
597
990
812
762
336
102
622
451
159
756
609
543
141
732
348
455
40
735
249
567
438
395
630
467
959
910
108
563
891
848
470
802
862
274
603
364
32
961
640
783
170
120
48
227
974
501
77
108
798
730
884
728
976
719
363
636
361
390
870
812
975
799
843
643
467
269
907
879
111
937
922
488
804
702
872
794
56
444
289
682
317
113
554
166
589
253
101
431
645
100
999
475
888
745
255
62
566
249
938
850
900
382
213
135
158
870
170
852
449
259
624
518
294
612
500
976
340
763
268
628
142
16
685
633
885
647
482
766
6
629
33
462
735
176
225
12
254
976
775
416
68
473
689
682
192
634
618
199
606
315
95
331
337
98
241
470
998
831
732
249
28
345
879
842
497
336
638
430
814
588
477
143
598
446
829
566
99
573
155
747
306
804
783
594
184
523
635
880
572
458
253
495
567
13
54
455
145
172
404
262
718
490
652
632
505
601
428
514
264
804
17
171
672
494
268
36
490
145
650
866
494
984
260
282
255
465
716
708
952
365
978
867
541
379
262
52
636
500
534
732
165
384
154
967
249
712
990
527
831
573
728
834
733
538
707
175
116
749
683
650
964
428
17
630
19
237
457
282
80
230
771
615
444
351
943
737
124
388
357
268
408
328
659
601
799
470
816
696
407
129
121
968
543
935
217
262
352
193
671
843
236
783
194
649
669
658
112
254
929
281
816
410
348
448
588
622
750
574
780
229
7
317
550
991
129
296
474
660
133
360
294
358
584
911
365
42
567
545
741
937
608
216
248
897
243
655
315
993
954
168
526
646
29
10
148
455
936
53
956
583
649
833
998
164
148
502
882
564
330
396
797
72
186
383
573
235
78
347
224
988
89
406
256
306
207
814
137
271
494
280
566
977
116
619
881
469
729
277
10
236
78
580
602
123
694
39
447
414
300
446
586
749
381
807
368
897
511
627
935
456
642
416
178
647
447
248
621
352
742
786
52
877
556
447
594
731
12
40
726
218
517
550
259
828
597
955
71
596
301
951
540
665
765
965
934
355
944
159
556
70
844
646
818
20
507
31
102
872
565
74
74
920
266
709
985
186
354
33
237
371
399
116
305
35
558
567
715
421
378
775
836
518
537
73
314
300
67
578
270
465
320
662
586
120
10
954
165
655
507
291
778
445
23
56
237
502
29
621
136
420
442
738
270
769
871
652
822
67
69
322
433
303
22
154
399
905
909
533
247
474
296
344
574
835
852
765
930
713
963
433
551
953
226
367
785
998
670
493
356
233
504
406
977
585
797
504
849
387
51
374
334
827
433
104
544
812
959
610
94
188
990
834
582
180
49
734
895
790
372
78
668
199
60
493
172
688
15
494
776
472
685
157
652
468
247
619
41
209
647
478
330
856
753
561
286
980
624
591
766
905
659
486
16
157
121
929
947
323
356
974
59
549
754
474
7
858
841
466
689
809
844
939
590
285
505
876
527
793
358
674
383
742
291
92
390
90
696
505
46
915
578
391
244
341
131
669
632
104
632
355
848
261
943
776
946
450
976
876
137
316
587
400
154
573
106
410
520
703
24
997
332
760
219
561
681
286
846
534
575
412
579
63
382
397
495
757
822
968
509
561
684
269
807
167
71
848
722
247
868
795
274
397
95
793
894
595
923
384
165
78
772
934
722
198
122
144
516
330
297
862
760
692
471
163
747
592
14
652
66
243
403
887
5
145
669
358
996
439
26
660
208
755
510
463
645
969
174
919
414
159
36
29
626
163
307
999
758
739
678
716
843
174
364
291
473
361
47
441
764
404
549
858
326
470
966
663
709
646
608
161
294
892
591
77
618
936
736
337
888
657
952
174
140
344
425
574
398
454
805
431
214
866
790
49
799
880
437
141
121
103
233
335
419
858
98
181
792
33
806
992
882
536
308
802
749
425
296
96
125
206
711
131
138
801
779
330
67
319
568
378
865
810
896
696
285
367
349
230
981
384
301
804
411
626
802
553
78
153
658
242
229
922
44
979
713
249
53
284
499
109
130
725
238
305
879
757
245
180
719
215
96
907
740
406
539
318
146
483
848
400
927
420
911
354
278
287
818
851
116
56
158
249
242
247
846
723
500
53
650
42
473
537
593
964
381
150
563
987
171
823
554
798
791
293
369
703
235
544
486
77
976
277
36
722
679
343
612
264
280
377
245
375
763
539
9
674
982
483
402
459
62
445
4
884
905
318
661
383
860
646
987
768
912
140
285
730
802
590
461
495
779
849
700
821
557
902
887
989
576
806
976
541
124
399
551
488
663
975
307
260
681
128
907
525
405
93
522
152
859
740
707
282
757
76
617
2
711
481
619
765
858
614
829
721
778
835
626
43
495
231
289
949
113
631
678
618
208
71
754
852
682
880
133
624
478
155
59
224
968
773
605
154
102
124
202
239
35
81
206
814
498
382
449
745
230
274
738
849
271
874
686
678
759
43
140
49
941
277
483
774
426
450
862
604
778
343
262
247
94
106
809
664
344
981
858
626
150
514
841
384
354
720
717
622
697
668
135
989
187
355
272
388
531
55
181
467
327
536
106
417
202
285
37
752
368
300
517
855
418
982
587
689
651
918
407
964
921
532
374
405
688
861
42
785
620
773
363
391
997
527
525
797
264
867
497
144
716
474
585
608
162
183
46
363
624
39
244
128
511
890
889
855
420
754
266
367
148
963
358
624
468
627
703
259
536
44
414
663
730
592
150
509
397
565
676
69
474
673
413
58
435
335
25
268
631
18
879
517
925
858
824
247
692
941
824
515
626
343
19
268
27
301
996
934
725
911
940
305
137
900
489
611
709
634
437
100
536
966
281
67
645
633
801
170
124
596
161
334
29
5
856
753
423
506
604
939
400
485
151
630
821
897
49
625
540
196
557
712
856
862
496
297
822
33
567
674
421
745
985
394
131
373
550
205
774
135
77
796
263
121
860
508
166
560
523
925
722
837
434
222
280
297
13
240
158
281
20
800
512
27
728
360
130
968
499
616
903
907
984
993
578
824
235
395
619
808
577
480
397
244
587
656
765
352
479
838
405
706
832
258
58
179
983
577
883
950
418
506
139
798
356
2
889
549
220
187
830
586
499
776
598
818
920
100
10
898
470
788
741
44
449
290
230
121
805
907
830
350
96
995
11
809
81
208
931
814
304
4
949
165
575
751
476
758
346
708
678
832
27
466
156
438
169
503
163
636
642
592
835
912
335
804
852
964
279
977
794
851
822
174
633
2
719
556
537
513
88
231
704
306
581
1
300
673
832
336
264
460
639
159
809
949
782
715
433
78
231
663
380
765
119
250
505
648
306
22
403
866
682
789
761
31
260
431
939
172
820
527
910
891
403
47
89
485
861
881
329
456
912
296
786
68
617
918
463
144
873
967
820
10
441
261
257
439
121
782
658
768
831
715
213
478
398
450
827
415
77
519
779
962
458
126
156
911
286
235
601
554
883
422
418
313
59
201
336
524
147
292
232
933
104
68
557
568
89
471
599
276
941
907
832
714
702
615
825
87
638
18
56
501
496
867
181
246
171
688
877
299
482
651
487
314
960
354
293
526
330
734
565
780
349
230
504
91
635
213
179
563
31
753
932
330
265
766
679
226
326
402
802
39
503
762
133
431
262
477
278
211
676
7
236
510
670
433
779
27
945
279
488
180
835
922
69
176
740
263
134
540
318
623
461
37
977
745
539
445
650
333
105
37
836
810
14
226
119
827
681
715
248
925
681
185
498
444
810
736
100
718
892
885
250
696
479
152
832
704
657
692
844
490
100
445
988
647
185
793
456
91
665
370
89
942
734
235
10
462
237
657
446
475
879
596
538
331
216
726
229
886
23
147
877
45
863
362
699
166
854
19
754
435
764
465
707
108
46
394
677
562
932
452
348
558
447
650
143
537
536
359
718
61
365
659
324
228
196
276
233
536
549
351
396
434
906
263
967
414
139
61
346
855
448
816
765
744
998
967
872
691
270
981
550
676
226
19
73
568
937
933
783
603
613
342
542
496
827
821
732
301
579
348
178
285
609
542
121
719
587
802
6
231
523
5
130
932
271
892
557
426
360
98
468
432
48
23
664
861
999
682
490
887
127
9
876
164
207
374
233
692
389
355
975
966
367
105
332
171
52
582
519
296
543
334
105
72
436
995
83
601
629
415
193
581
127
433
992
100
537
151
148
248
933
699
453
233
378
281
419
26
473
568
247
204
999
687
668
481
250
33
126
156
127
148
490
935
811
887
318
837
400
434
306
25
635
82
656
271
868
253
119
273
558
203
342
308
511
765
831
141
850
858
666
262
939
264
884
717
226
577
495
183
796
342
308
41
263
855
414
847
653
300
553
673
450
478
483
298
137
433
426
442
411
758
190
487
18
636
879
448
614
583
706
242
765
252
753
598
168
83
337
99
516
190
304
736
414
329
590
997
595
811
211
762
767
732
426
535
516
463
908
326
261
394
680
255
315
795
97
914
896
166
40
762
514
20
116
120
66
566
200
61
182
578
412
692
100
653
182
639
856
434
258
769
112
370
455
60
957
164
261
420
805
447
524
100
671
838
430
231
910
635
392
209
394
671
644
504
715
32
347
397
664
28
753
407
231
814
153
258
173
39
92
532
376
374
796
48
515
787
77
927
802
624
22
995
695
281
220
990
36
326
816
11
138
750
306
90
33
135
670
122
713
659
366
578
209
108
176
536
77
732
889
46
717
566
26
570
356
161
147
85
839
558
565
975
607
592
60
577
288
684
444
450
298
753
787
406
791
377
528
627
591
328
555
574
753
597
653
686
315
319
825
479
555
233
651
155
510
873
319
683
418
918
229
644
920
608
756
544
964
620
797
754
95
256
994
550
124
28
158
927
82
250
350
307
434
727
369
477
185
402
316
834
200
700
625
702
770
233
64
736
918
918
702
107
294
219
750
390
399
275
414
406
602
546
515
690
378
519
631
703
7
10
746
741
994
839
238
458
314
731
736
942
734
454
812
15
468
946
368
798
802
236
299
905
323
520
39
890
876
34
126
728
319
554
929
796
583
247
222
807
518
159
651
802
612
125
702
406
560
189
14
854
372
605
776
505
196
508
35
228
839
871
85
975
506
449
649
839
337
707
576
13
319
132
457
476
103
931
28
969
556
723
323
926
806
558
114
351
911
405
845
400
229
199
588
470
384
832
619
462
974
483
845
636
389
59
658
269
881
279
990
830
406
581
316
526
385
376
595
953
890
596
439
855
660
897
723
604
40
398
478
401
871
409
348
140
903
68
223
771
736
217
101
110
103
354
251
454
43
746
346
424
62
488
785
23
870
718
891
65
68
100
27
681
988
258
717
981
543
614
47
952
581
739
416
66
303
123
7
654
300
997
807
637
859
50
705
482
945
589
339
373
26
914
528
236
941
449
200
287
723
874
722
298
448
402
303
553
470
991
928
54
566
401
427
903
144
738
489
326
93
543
556
953
211
607
407
987
161
36
750
482
60
119
465
747
721
17
211
722
267
391
55
567
600
565
501
293
359
31
889
101
644
788
644
219
191
436
16
534
506
483
702
822
746
806
723
913
672
190
594
559
400
938
283
15
49
42
869
249
374
202
511
798
44
171
718
492
270
216
866
462
878
663
401
395
405
486
872
934
924
241
223
183
3
345
44
208
146
487
147
274
334
546
197
856
863
717
199
156
720
20
469
337
374
552
37
658
396
200
680
857
990
131
711
10
253
580
91
936
11
501
568
472
351
615
714
469
251
553
361
428
316
175
193
641
138
837
45
129
352
780
148
714
198
691
684
55
294
866
943
441
651
324
603
315
41
987
223
508
785
216
483
586
107
338
102
837
737
543
6
161
641
313
900
217
300
931
613
168
541
452
512
409
660
299
805
35
291
796
115
61
624
185
157
816
341
885
725
604
93
637
442
707
135
912
254
598
399
728
211
260
844
145
871
978
748
482
805
536
423
130
174
200
50
45
520
828
770
751
982
840
708
960
792
14
138
248
764
1
185
140
805
380
89
474
555
35
748
802
475
482
795
174
113
909
693
20
323
168
881
592
487
120
743
527
200
233
298
946
837
786
768
863
267
870
669
527
28
148
148
59
839
905
504
600
106
924
74
277
558
746
204
394
18
772
710
995
194
814
390
957
345
529
77
233
477
443
176
647
915
101
484
228
626
205
846
103
723
429
601
88
529
308
697
394
582
572
240
124
311
36
535
26
89
790
696
993
700
339
705
738
766
662
716
694
179
78
924
404
996
824
498
902
621
661
825
91
812
208
319
617
167
11
517
848
564
41
793
527
671
703
626
657
832
279
387
712
619
53
44
14
348
958
877
39
762
213
324
307
35
424
585
586
152
450
160
449
659
43
423
860
742
205
273
356
54
384
930
947
144
256
12
702
667
661
505
763
190
204
898
50
275
340
495
16
740
435
24
874
724
162
763
192
42
654
719
274
2
89
129
239
500
417
605
259
1
215
199
672
923
474
754
193
716
60
161
531
946
805
636
661
273
824
574
594
10
923
540
108
243
490
656
531
975
558
639
270
559
346
431
81
824
927
70
328
239
440
815
699
99
536
798
906
746
363
269
315
630
715
816
881
201
668
767
175
935
841
129
38
548
0
561
404
765
835
60
70
883
481
504
423
837
437
276
192
277
565
387
706
967
565
58
106
533
613
373
701
758
489
365
965
32
103
533
234
467
998
373
596
384
701
702
551
810
914
342
664
164
732
47
832
860
611
124
551
822
302
203
274
667
789
601
168
540
265
642
266
657
120
696
569
407
302
231
340
50
904
6
722
167
314
256
92
461
820
764
543
44
696
177
169
431
399
598
561
526
77
609
908
680
434
687
678
775
466
36
382
60
247
779
21
668
510
375
831
3
992
771
666
640
897
263
136
361
38
852
80
609
346
971
674
886
306
736
402
776
291
877
980
960
80
908
777
53
736
652
497
492
991
441
762
977
67
317
495
81
258
363
452
98
794
149
481
941
402
276
246
859
623
705
542
646
905
378
463
561
320
687
481
251
584
269
996
351
741
314
511
295
747
866
894
3
428
922
660
821
752
171
738
631
528
58
190
559
756
677
807
665
342
968
47
141
534
24
259
451
206
888
88
948
721
835
414
491
632
721
177
44
686
557
893
932
749
590
842
986
799
261
96
996
866
566
869
108
270
211
461
196
200
949
1
599
996
244
43
891
78
561
640
212
666
306
287
227
782
310
666
223
804
625
339
882
100
442
257
407
753
68
842
666
442
370
738
353
988
38
837
761
350
579
834
701
454
25
522
443
34
114
167
414
66
699
639
43
4
908
931
534
311
340
595
101
332
71
125
89
945
201
109
288
17
263
415
965
409
364
451
668
667
249
25
944
248
681
53
664
754
932
252
370
104
506
8
206
254
627
159
767
948
148
963
117
93
525
446
238
723
865
957
454
288
85
791
581
616
44
965
856
974
66
755
34
357
784
552
612
272
967
251
123
139
337
526
58
811
92
400
831
187
416
478
978
186
644
193
331
729
692
246
891
505
213
313
263
892
124
563
576
202
140
143
510
568
958
951
382
620
46
852
833
659
571
406
415
167
999
368
820
283
568
560
738
633
703
510
799
367
751
867
353
308
312
827
751
273
404
646
753
414
657
859
179
594
921
462
30
720
878
788
143
38
586
828
292
631
910
801
468
804
857
773
359
302
771
632
54
968
107
810
532
306
246
45
813
48
793
390
621
13
897
637
781
818
392
762
377
452
867
283
870
757
138
924
402
345
159
758
868
891
467
667
238
625
21
209
527
142
484
189
78
734
487
737
988
47
675
97
746
799
493
227
915
912
25
214
755
347
235
884
488
884
387
698
623
914
310
95
890
58
794
883
521
484
738
555
567
750
787
826
310
55
526
10
133
23
688
27
617
134
414
795
986
154
508
407
296
164
328
16
781
885
27
522
228
613
88
657
859
781
656
501
445
54
356
719
755
905
29
76
116
816
161
378
514
436
206
89
864
585
108
996
625
471
990
176
177
155
98
92
58
61
873
625
456
147
961
779
398
278
225
561
77
115
364
770
769
372
129
65
327
600
338
930
156
801
925
709
272
356
448
243
131
879
840
798
38
830
739
790
685
854
187
241
947
37
262
907
991
361
125
678
845
849
826
355
960
689
878
474
39
450
937
670
590
585
923
109
119
350
370
759
320
17
29
829
406
40
449
436
730
707
314
993
811
652
732
983
93
17
866
614
776
348
719
575
796
365
691
670
19
637
496
567
319
447
901
900
295
259
403
877
852
10
783
169
776
313
335
629
457
495
873
67
171
177
64
796
348
1
287
152
219
138
571
37
707
656
693
983
149
813
957
159
532
238
893
623
685
352
37
589
806
973
922
254
302
51
901
117
462
879
521
948
198
678
405
330
123
756
259
165
896
40
831
618
722
888
972
259
713
737
588
192
595
58
239
393
483
529
206
891
363
678
471
241
61
599
228
549
216
923
727
791
464
955
561
693
455
358
620
540
428
420
629
782
433
29
318
492
185
619
378
949
121
213
491
8
607
462
89
671
712
701
427
997
870
94
875
537
538
113
869
419
630
33
920
270
935
160
624
46
577
545
403
229
587
62
899
481
564
507
923
615
886
699
726
406
129
137
548
405
628
145
558
175
976
193
572
745
261
394
125
344
449
515
919
304
918
472
215
915
356
423
20
639
319
123
191
739
650
516
781
962
387
887
728
577
585
194
819
934
652
971
293
930
364
185
383
928
820
219
769
590
32
416
322
940
141
247
431
131
304
879
590
280
329
761
691
648
41
853
11
742
891
195
567
907
967
892
907
493
76
447
856
579
639
607
590
592
791
941
254
351
355
787
647
302
742
97
495
973
321
363
853
944
842
506
660
867
908
722
955
799
247
132
507
210
385
333
240
75
253
679
972
350
531
318
976
916
224
517
388
624
560
970
705
957
609
872
484
196
226
212
878
748
971
546
491
834
871
680
40
276
591
995
400
177
953
233
720
884
921
479
425
0
126
300
742
373
681
165
223
299
425
114
846
959
435
97
848
60
160
882
877
492
414
259
323
367
204
509
376
835
824
574
863
453
780
264
566
423
785
554
797
843
634
629
681
382
596
258
817
56
244
922
993
355
106
206
798
714
28
568
96
116
166
154
695
665
745
149
591
980
265
269
630
281
444
171
96
682
32
99
680
245
44
0
514
976
129
868
614
567
866
820
848
637
794
475
950
569
101
533
890
555
938
679
881
328
143
374
619
626
558
989
147
307
638
763
689
571
29
645
766
768
317
887
256
558
796
856
95
128
465
903
351
837
771
449
679
254
180
317
665
390
606
201
739
483
573
77
118
765
357
1
821
485
677
307
63
72
877
915
401
324
539
731
54
385
204
609
656
51
930
63
308
792
617
533
176
269
550
485
520
54
978
0
242
837
403
135
831
387
283
172
803
397
262
705
126
168
526
257
484
272
697
358
898
590
110
619
682
416
435
819
969
645
603
306
302
273
646
107
542
510
273
441
278
148
727
961
353
330
568
87
499
725
714
697
516
112
381
994
217
237
323
519
959
315
184
111
9
497
254
174
765
161
948
371
306
865
728
83
637
350
474
93
76
777
907
488
986
167
575
185
244
763
935
82
35
319
289
743
571
468
467
738
956
934
958
978
335
627
448
639
699
420
933
170
328
517
135
891
627
666
611
162
964
123
685
914
397
482
495
130
236
706
222
950
690
58
262
806
317
538
535
646
450
838
944
510
103
592
411
514
505
931
953
116
313
629
455
872
596
108
225
497
219
988
150
874
128
944
364
304
171
728
334
102
852
841
819
369
753
907
449
645
642
151
145
911
731
224
285
564
74
68
143
898
242
578
276
326
319
638
313
214
90
578
44
920
55
8
647
370
598
390
120
92
647
232
276
475
394
268
837
511
853
946
298
527
759
835
87
35
197
60
236
882
2
499
634
533
493
857
594
507
461
760
760
343
480
182
745
800
981
451
313
519
614
200
745
102
963
72
767
247
282
75
805
714
803
457
462
51
20
548
374
764
440
993
866
566
757
881
497
478
373
250
1
6
621
691
316
481
549
696
356
123
984
651
5
488
661
908
282
36
612
650
11
795
61
90
93
450
141
687
787
933
258
636
651
442
26
390
996
814
183
300
895
807
62
163
363
42
479
101
77
30
831
835
840
321
893
75
562
361
258
531
415
957
756
830
713
445
565
742
704
855
799
572
815
660
395
932
183
50
899
540
760
27
892
486
973
126
239
763
319
117
10
515
493
102
259
155
795
150
165
534
512
955
838
455
780
720
984
613
386
783
295
520
634
2
826
92
602
826
373
459
806
516
494
920
214
361
663
881
431
69
267
188
733
530
172
382
543
781
717
39
667
113
316
594
467
611
90
548
464
174
837
27
927
808
854
129
9
948
831
840
87
769
271
608
525
364
713
880
623
81
65
681
266
976
41
105
956
726
724
927
374
448
145
586
512
223
657
702
926
521
364
121
922
732
393
731
827
769
877
429
164
542
622
956
735
372
360
886
188
203
887
636
156
66
79
512
555
675
57
609
558
494
366
604
25
885
504
509
652
961
511
303
775
603
634
848
939
437
359
97
483
346
861
796
715
970
855
510
511
59
92
688
272
653
213
656
643
908
526
693
26
684
272
332
223
848
166
52
53
371
631
385
553
907
44
630
34
10
267
468
461
951
387
419
516
612
480
974
720
393
569
748
588
818
784
68
972
613
938
369
262
438
40
422
39
622
957
308
337
561
537
905
484
678
222
227
283
589
481
741
128
453
330
242
754
307
871
392
878
681
254
310
364
270
882
905
812
907
472
99
465
598
627
526
516
250
228
407
876
95
334
398
900
342
857
453
717
391
933
904
30
590
842
724
169
564
261
322
369
930
581
685
801
467
303
362
726
658
391
129
143
778
56
945
531
837
622
232
284
215
33
763
907
251
709
866
333
382
944
416
132
771
932
690
505
575
998
166
208
343
349
502
12
582
7
405
677
394
376
369
504
985
277
385
686
865
56
169
518
317
44
188
759
31
988
305
49
394
951
786
452
423
559
512
420
51
442
291
923
686
832
833
39
207
735
212
470
542
667
705
238
866
801
965
530
220
102
435
754
764
836
789
178
307
365
319
150
329
195
674
548
599
751
159
795
287
752
473
291
147
446
417
13
819
799
796
187
68
746
856
411
357
363
767
729
547
767
187
531
624
760
114
224
471
779
364
59
163
103
659
109
224
185
425
977
802
286
289
636
53
744
519
965
909
213
873
913
679
580
554
666
976
210
501
856
852
452
567
592
369
142
280
813
302
259
259
508
38
317
539
709
569
576
712
599
756
570
979
234
688
742
271
275
561
281
673
739
280
892
297
1
43
883
640
218
587
933
548
62
582
150
435
468
991
537
205
809
835
354
284
821
308
843
288
318
83
749
798
97
738
105
721
974
920
383
532
836
504
823
871
941
92
775
656
67
142
813
99
403
144
220
245
265
421
60
38
604
79
357
301
619
121
988
416
440
264
666
540
340
998
201
674
923
287
457
139
657
832
474
677
502
284
330
805
622
425
689
752
716
987
123
629
384
383
485
366
174
243
260
807
97
388
155
813
399
487
427
75
551
316
176
624
537
920
578
237
37
170
913
142
318
776
261
488
168
83
732
194
496
321
965
662
867
513
660
785
306
76
191
449
756
298
233
735
716
850
597
533
189
951
502
258
851
15
28
907
444
837
449
164
806
562
244
64
411
127
582
262
123
806
219
268
904
466
772
976
560
636
291
12
614
511
878
858
602
335
879
104
842
405
475
182
745
94
370
158
111
269
367
19
874
261
721
333
627
188
576
259
668
740
995
483
544
580
50
38
99
503
544
159
156
299
3
93
336
645
351
415
282
587
352
776
431
321
407
164
182
352
550
297
184
924
623
777
676
101
914
839
487
353
717
872
642
943
113
852
844
311
395
796
697
785
225
359
907
235
261
608
288
990
182
50
797
547
749
519
561
466
949
172
685
780
600
834
483
514
237
49
611
484
750
821
294
479
561
765
29
617
933
2
594
119
848
45
737
337
222
588
520
515
829
591
925
279
895
661
23
402
463
988
63
389
399
729
168
501
289
405
301
844
645
241
139
737
43
523
319
782
162
889
496
72
504
589
751
180
274
226
302
448
694
542
632
616
527
857
648
131
690
325
772
429
55
942
963
525
153
827
396
274
121
117
361
177
583
536
484
178
915
193
521
173
724
295
829
55
359
260
452
401
466
677
569
482
857
48
962
148
608
478
138
501
690
225
451
551
562
672
523
265
496
249
343
847
463
702
478
728
852
787
231
255
369
94
596
645
715
992
497
716
33
868
488
519
198
957
263
664
753
180
581
33
667
339
824
960
944
860
947
957
169
541
558
157
809
776
374
460
263
229
623
791
868
564
239
448
710
776
452
133
891
349
377
675
578
198
717
910
319
40
148
660
509
651
475
716
313
634
126
233
172
777
788
683
209
774
725
240
256
11
139
630
298
411
15
677
654
819
701
619
323
619
74
823
39
573
645
290
992
453
228
939
313
369
136
618
503
579
292
215
140
173
370
204
412
469
71
664
750
985
152
686
349
684
493
333
432
714
732
689
615
656
297
82
599
71
276
571
783
3
900
221
404
103
587
653
794
35
970
788
996
505
607
390
142
892
483
70
328
42
257
703
302
308
796
997
374
435
672
966
273
941
284
11
822
896
694
227
356
495
447
874
790
675
528
301
332
379
974
50
175
782
739
806
292
416
197
390
22
36
786
906
477
162
492
631
675
441
521
157
665
174
14
736
965
118
310
130
367
616
365
657
317
718
554
684
411
93
588
28
662
475
476
249
323
913
348
963
979
346
62
354
875
507
264
328
161
178
806
341
121
20
209
35
905
353
79
243
905
627
298
47
384
912
293
298
858
243
293
485
486
546
4
716
256
99
564
432
450
761
266
78
48
878
760
232
828
752
312
370
375
945
270
111
778
226
950
573
716
680
5
511
684
2
732
818
969
969
130
434
176
792
865
701
494
119
661
592
942
3
720
865
237
848
689
21
941
89
621
43
415
87
783
952
332
393
253
988
526
235
187
245
418
458
244
554
617
614
557
59
375
449
924
48
331
311
353
407
936
734
109
122
596
273
392
783
391
496
807
2
558
961
806
448
529
197
201
430
538
804
946
409
223
458
246
383
849
719
73
198
101
345
211
979
483
685
754
814
862
38
794
316
283
316
67
621
293
777
698
567
888
376
331
251
317
423
701
854
102
95
502
459
738
201
353
230
955
876
260
220
942
308
311
370
107
180
130
11
534
687
391
190
261
587
528
791
762
296
162
125
755
336
306
316
425
71
654
404
14
341
151
241
106
385
845
588
255
536
236
394
44
207
399
972
295
637
202
71
398
748
267
844
360
514
228
962
936
979
930
83
242
985
978
949
793
838
349
74
303
241
632
146
886
176
698
31
287
829
792
193
265
244
51
571
53
108
324
958
552
508
158
461
112
583
69
248
946
795
702
148
483
862
415
11
325
387
264
241
885
180
514
631
211
39
935
387
626
702
195
695
592
266
241
248
216
552
832
410
782
335
944
347
378
840
920
261
897
959
234
616
857
809
433
687
284
414
113
50
222
826
984
396
42
582
779
374
497
484
452
771
181
403
579
421
926
487
867
305
874
269
134
462
858
245
388
963
35
369
864
537
338
645
147
351
692
112
301
445
789
610
192
732
599
662
968
572
717
58
984
613
32
716
959
994
130
656
67
194
985
999
700
273
358
202
220
215
535
535
494
55
506
35
861
59
691
569
6
446
928
681
312
490
346
957
394
643
31
385
398
180
694
121
62
664
786
710
516
476
835
252
510
243
721
806
577
121
851
835
677
213
855
126
434
73
834
976
753
827
810
880
926
785
922
342
549
336
710
28
658
686
592
758
893
265
858
76
238
815
973
197
430
183
681
566
14
632
478
476
347
873
67
534
435
777
700
62
457
824
641
882
583
229
5
502
884
593
693
940
356
171
226
951
176
422
176
588
261
201
999
185
113
397
521
611
91
916
30
939
242
951
141
712
2
625
852
259
650
379
889
599
681
287
210
880
451
673
994
181
694
714
389
393
682
391
782
14
304
634
414
883
57
919
192
296
707
690
803
62
56
295
464
429
47
858
564
24
487
432
680
444
609
869
607
873
382
135
40
592
329
891
93
598
750
447
363
583
570
72
339
967
357
925
320
677
598
411
666
521
213
874
594
415
383
32
119
964
933
53
376
528
662
15
579
581
559
703
342
168
704
251
444
517
41
69
946
535
788
540
90
688
716
625
751
774
703
101
355
720
288
89
222
719
952
399
816
816
422
71
240
816
68
843
765
353
988
511
485
69
83
436
221
944
549
292
289
306
33
571
20
293
790
332
897
397
318
801
787
78
970
847
683
402
703
993
760
66
7
484
667
212
330
659
875
191
887
467
926
275
918
538
786
20
712
156
75
737
960
278
981
167
228
615
253
204
119
211
619
809
601
434
106
847
850
65
907
589
138
423
39
744
676
162
596
101
788
82
778
555
159
487
318
909
682
871
351
446
982
75
503
525
434
490
772
724
810
110
375
627
870
878
588
26
246
203
364
455
380
151
455
540
202
682
758
381
750
95
497
689
428
759
76
647
403
301
519
3
922
314
605
281
812
769
421
0
265
253
504
259
848
545
834
324
993
185
765
458
8
680
634
437
439
41
505
863
491
426
555
485
978
565
662
782
155
552
737
259
295
736
401
784
406
970
603
642
677
451
234
34
727
304
988
65
545
760
696
956
218
640
442
378
547
583
114
691
251
60
626
731
599
676
711
23
272
809
266
407
477
695
103
29
107
561
973
126
353
587
751
894
193
705
395
297
508
152
729
519
381
643
526
55
57
162
594
223
517
661
678
171
697
271
42
620
508
489
54
275
480
796
351
511
255
828
981
962
517
425
315
875
520
567
230
207
94
648
641
961
982
112
352
125
418
594
228
775
987
882
887
113
621
490
840
588
172
432
353
807
615
80
879
86
804
382
186
109
677
119
485
301
594
657
152
869
263
448
269
717
295
978
943
111
784
605
602
472
105
391
87
366
545
470
470
273
298
250
193
550
86
464
263
330
281
312
294
412
704
913
348
463
576
699
816
150
521
677
988
761
444
792
574
815
436
708
336
348
529
386
405
269
146
633
308
929
364
5
650
634
989
437
83
52
670
716
752
750
697
74
856
847
976
939
96
275
190
40
229
478
417
149
92
567
224
876
231
233
89
880
907
590
143
532
360
13
882
148
816
838
951
228
796
379
410
352
819
969
257
12
173
319
579
421
647
231
304
344
607
403
171
833
410
977
573
310
36
201
140
333
960
751
772
171
905
261
924
999
496
66
396
767
623
624
558
457
350
147
843
948
283
390
711
440
623
362
160
947
471
961
602
286
24
696
191
535
247
492
85
833
999
838
448
817
844
633
58
337
832
611
912
506
76
171
511
725
826
258
398
988
296
893
286
7
432
58
16
785
157
256
157
716
856
964
260
201
300
74
15
981
79
560
591
129
306
441
298
697
491
49
25
39
577
692
975
480
495
324
135
679
941
67
101
33
411
301
760
97
191
1
990
133
961
338
577
529
797
993
496
578
137
758
161
541
416
239
78
601
646
695
981
115
637
690
36
848
895
576
957
744
757
729
6
913
471
696
804
18
573
107
690
273
942
586
932
303
886
741
697
18
669
475
297
51
326
688
243
674
429
926
97
982
437
592
248
193
185
27
59
436
929
86
623
671
968
604
244
427
331
663
98
60
468
607
139
49
520
107
232
5
717
127
47
947
177
415
594
294
335
594
667
295
435
491
271
642
328
292
385
619
295
260
777
37
67
979
108
731
771
555
141
555
351
362
212
143
655
117
318
750
504
606
734
867
89
441
3
204
789
540
881
950
593
45
85
478
609
352
347
555
598
129
337
483
43
455
10
443
288
570
692
546
630
143
211
560
164
81
114
660
777
106
574
19
779
554
374
360
127
126
312
112
258
485
813
396
88
639
472
477
531
976
843
419
303
692
826
846
667
274
596
457
762
462
384
796
371
346
388
337
701
109
539
521
279
534
792
656
440
786
638
782
274
21
131
15
700
613
620
30
880
981
370
797
641
881
773
80
698
773
32
587
371
515
573
272
621
445
658
766
401
175
397
422
675
417
76
968
117
212
944
246
281
114
283
95
126
115
519
39
984
908
441
964
457
435
574
684
820
945
956
518
396
495
644
366
632
669
358
357
969
662
463
0
855
680
343
679
585
19
173
601
28
919
911
542
470
131
172
141
844
19
925
616
200
538
123
108
543
304
122
245
794
782
615
858
90
640
790
397
738
393
368
598
600
693
130
72
508
739
385
627
932
139
501
980
479
271
355
746
776
339
672
146
14
793
922
222
210
281
489
777
424
375
278
694
666
679
19
825
249
341
4
494
525
872
780
746
15
838
171
207
205
886
6
251
638
330
679
322
174
380
231
563
604
42
162
81
3
813
657
755
798
350
597
623
871
506
787
34
945
256
947
554
204
240
518
40
562
431
31
992
680
272
809
947
590
117
49
855
587
822
285
261
843
128
581
260
882
122
473
644
757
413
908
613
887
794
831
369
33
240
897
895
462
782
869
105
350
958
517
641
897
458
606
959
959
675
147
254
45
824
255
592
595
140
517
343
100
